5.742000102996826
2.6660001277923584
2.1549999713897705
2.1549997329711914
1.123000144958496
2.1510000228881836
1.6790001392364502
0.628000020980835
1.117999792098999
2.1679999828338623
2.1619999408721924
1.1389999389648438
0.6029999256134033
1.133000135421753
0.6080000400543213
0.622999906539917
1.135000228881836
1.116999864578247
5.766000032424927
8.817000389099121
0.6160001754760742
1.1220002174377441
3.182000160217285
0.6059999465942383
1.123000144958496
2.1409997940063477
1.126000165939331
0.6159999370574951
1.1480000019073486
1.128000020980835
0.6119999885559082
1.1540000438690186
0.6050000190734863
0.6230001449584961
0.6109998226165771
0.5999999046325684
0.6089999675750732
0.6299998760223389
0.6389999389648438
0.7239999771118164
0.6040000915527344
0.6150000095367432
0.6229996681213379
0.6059999465942383
0.6029999256134033
0.624000072479248
0.6049997806549072
0.6080000400543213
0.622999906539917
0.618999719619751
1.1319999694824219
0.622999906539917
0.627000093460083
0.6170001029968262
1.628000020980835
0.5970001220703125
1.1130001544952393
1.1130001544952393
0.628000020980835
0.6319999694824219
0.6070001125335693
0.6019997596740723
0.6119999885559082
0.5990002155303955
0.5899999141693115
0.6189999580383301
0.5900001525878906
0.6059999465942383
0.5999999046325684
0.6040000915527344
0.5920000076293945
0.6140000820159912
0.6069998741149902
0.5950000286102295
0.6029999256134033
0.5929999351501465
0.5920000076293945
0.5999999046325684
0.6070001125335693
0.6080000400543213
0.6219997406005859
0.6220002174377441
0.5979998111724854
0.6090002059936523
0.6040000915527344
0.5969998836517334
0.6070001125335693
0.5920000076293945
0.5980002880096436
0.6000001430511475
0.5969998836517334
0.5999999046325684
0.6029999256134033
0.5980000495910645
0.6089999675750732
0.5980000495910645
0.5980000495910645
0.5920000076293945
0.6099998950958252
0.5939998626708984
0.5940001010894775
0.6030001640319824
0.6059999465942383
0.5930001735687256
0.6029999256134033
0.618999719619751
0.5979998111724854
0.6019997596740723
0.6089999675750732
0.6080000400543213
7.245999813079834
2.131999969482422
0.5989997386932373
0.5999999046325684
1.1120002269744873
0.6190001964569092
1.6140000820159912
1.1159999370574951
2.6460001468658447
2.6579999923706055
1.1070001125335693
1.625999927520752
2.6439998149871826
1.626999855041504
0.6050002574920654
1.113999843597412
0.6180002689361572
1.1099998950958252
0.5929999351501465
0.6019997596740723
1.123999834060669
0.6029999256134033
1.1060001850128174
0.6030001640319824
1.1119999885559082
1.116999864578247
0.5999999046325684
1.1109998226165771
0.6080000400543213
0.6009998321533203
0.5969998836517334
0.6000001430511475
0.6070001125335693
0.6150002479553223
0.6029999256134033
0.6040000915527344
0.5959999561309814
0.6169998645782471
0.6060001850128174
0.5980000495910645
0.6009998321533203
0.6110000610351562
0.6000001430511475
0.6150000095367432
0.6089997291564941
0.6069996356964111
1.1159999370574951
0.5959999561309814
0.5929999351501465
0.6009998321533203
0.6010000705718994
0.6009998321533203
0.5929999351501465
0.5980000495910645
1.6170001029968262
0.6020002365112305
0.6159999370574951
0.5920000076293945
0.6009998321533203
0.6330001354217529
0.6049997806549072
0.6040000915527344
0.5980002880096436
0.6050000190734863
0.6080000400543213
0.5940001010894775
0.6089999675750732
0.5959999561309814
0.6189999580383301
0.5969998836517334
0.5999999046325684
0.5970001220703125
0.6000001430511475
0.5969998836517334
0.6329998970031738
0.6089999675750732
0.6089999675750732
0.6000001430511475
0.5990002155303955
0.5990002155303955
0.6080000400543213
0.6089999675750732
0.5989999771118164
0.6050000190734863
0.5970001220703125
0.6400001049041748
0.5969998836517334
0.5980000495910645
0.5989997386932373
0.6019999980926514
0.5969998836517334
0.5950000286102295
0.6089999675750732
0.6010000705718994
0.5950002670288086
0.6010000705718994
0.5959999561309814
0.6089999675750732
1.1069998741149902
1.6460001468658447
1.1079998016357422
0.5959999561309814
1.1059997081756592
0.5939998626708984
0.628000020980835
0.5940001010894775
0.6029999256134033
0.6019997596740723
0.5940001010894775
0.6029999256134033
0.6049997806549072
0.6019997596740723
0.6000001430511475
0.5989999771118164
0.5930001735687256
0.6110000610351562
0.5990002155303955
0.5950000286102295
0.5909998416900635
0.5970001220703125
0.5900001525878906
0.5940001010894775
0.5949997901916504
0.624000072479248
0.5990002155303955
0.6010003089904785
0.6010000705718994
0.6009998321533203
0.6029996871948242
0.5969998836517334
0.5889999866485596
0.6189999580383301
0.625999927520752
0.5900001525878906
0.5999999046325684
1.620999813079834
1.1150002479553223
0.5910000801086426
0.5969998836517334
1.1040000915527344
2.135000228881836
0.5979998111724854
0.5889999866485596
0.6159999370574951
0.6330001354217529
0.5959999561309814
0.6039998531341553
0.5949997901916504
0.6080000400543213
0.6729998588562012
0.6119999885559082
0.6000001430511475
0.5959999561309814
0.5939998626708984
0.5929999351501465
0.5970003604888916
0.6110000610351562
0.6030001640319824
0.5959999561309814
0.6330001354217529
0.6469998359680176
0.6119999885559082
0.5899996757507324
0.5940001010894775
0.5970001220703125
0.5930001735687256
0.5889999866485596
0.5999999046325684
0.5999999046325684
0.5950000286102295
0.5979998111724854
0.5889999866485596
0.6010000705718994
0.6050002574920654
0.625
0.5920000076293945
0.5950000286102295
0.6990001201629639
0.5940001010894775
0.6039998531341553
0.5909998416900635
0.626000165939331
0.5950000286102295
0.619999885559082
0.5990002155303955
0.5969998836517334
0.5919997692108154
0.5939998626708984
0.5940003395080566
0.6119999885559082
0.5969998836517334
0.5989997386932373
0.5880000591278076
0.6350002288818359
0.6010000705718994
0.5989999771118164
0.627000093460083
0.8929998874664307
0.5879998207092285
0.5950000286102295
0.5979998111724854
0.5940001010894775
0.5959999561309814
0.6140000820159912
0.5950000286102295
1.0980000495910645
0.5929999351501465
0.5909998416900635
0.5910000801086426
0.6040000915527344
0.5949997901916504
0.5899999141693115
0.5910000801086426
1.1089999675750732
0.5969998836517334
0.6080000400543213
0.5939998626708984
0.6039998531341553
0.6019999980926514
1.1831183433532715
0.5960595607757568
0.603060245513916
0.6070606708526611
0.600059986114502
1.1491148471832275
0.6020603179931641
0.6319999694824219
0.6210000514984131
0.6019997596740723
0.6020002365112305
0.5979998111724854
0.6110000610351562
0.6089999675750732
0.5970001220703125
0.625999927520752
0.6360001564025879
0.6100001335144043
0.5989997386932373
0.6050000190734863
0.5970001220703125
1.1080000400543213
0.6010003089904785
0.6080000400543213
0.5940001010894775
0.6099998950958252
0.6220002174377441
